8x8|3,3,1,3,3,3,5,0|3,1,4,3,3,2,3,2|4,32,56|13
8x8|8,3,4,3,5,2,2,3|2,3,3,6,7,1,5,3|14,31,56,59|9
8x8|4,5,3,2,3,4,6,2|0,4,1,4,3,4,5,8|18,43,61|38
8x8|5,5,4,1,5,7,4,1|5,5,6,4,3,4,2,3|11,16,23,33,56|
8x8|6,3,1,3,4,3,5,3|6,5,6,2,3,2,3,1|6,8,55|13
8x8|2,6,1,3,3,3,2,4|4,3,3,2,5,3,2,2|2,7,16,53,63|41
8x8|1,5,3,5,3,6,3,5|5,7,5,3,1,4,2,4|7,16,26,50|
8x8|6,7,4,5,3,3,6,4|2,2,5,5,6,5,7,6|0,21,26,47,56|
8x8|1,3,3,1,5,3,1,4|1,5,1,5,3,2,3,1|31,32,51,56|46
8x8|8,5,2,2,5,3,1,3|4,5,4,4,6,1,3,2|24,41,56,58|21
8x8|2,2,2,6,1,4,4,4|6,3,2,2,6,2,3,1|32,56,62|11
8x8|2,3,2,4,5,5,8,8|6,3,6,3,4,4,6,5|0,29,41,45|
8x8|5,3,7,4,3,3,3,1|6,6,3,2,3,4,5,0|10,38,40,53|27
8x8|7,3,5,7,4,3,5,3|4,3,3,3,4,4,8,8|0,13,37,40,56,61|
8x8|3,4,2,4,3,2,3,3|4,4,4,2,2,2,3,3|16,47,61|3
8x8|3,5,3,4,4,2,5,6|4,2,5,5,2,3,4,7|0,7,16,48,60|45
8x8|2,2,4,4,3,3,7,6|5,1,3,3,4,3,6,6|0,5,7,16,18,22,32,57|37
8x8|5,4,5,6,3,3,5,3|4,2,2,6,5,5,4,6|2,7,13,18|
8x8|5,5,2,6,3,3,2,4|8,4,4,3,4,2,3,2|17,61|42
8x8|3,4,6,3,2,4,2,6|1,4,4,5,2,3,4,7|14,20,31,56,60|
8x8|2,3,4,2,3,2,7,6|4,5,2,6,5,3,3,1|8,63|
8x8|3,1,3,3,4,5,4,5|5,5,5,2,4,1,4,2|1,7,50,55|21
8x8|6,3,4,3,4,2,5,3|7,2,4,3,4,3,4,3|1,5,55,56|
8x8|4,3,5,4,3,4,6,7|3,4,5,5,2,4,5,8|0,14,34,38,60|
8x8|3,5,2,3,2,4,3,1|2,3,4,2,4,2,5,1|3,5,53,57|28
8x8|3,3,4,5,2,2,3,6|2,3,4,3,3,6,1,6|7,20,29,39,54,57|35
8x8|2,3,5,2,3,2,4,2|2,3,3,2,3,3,2,5|0,7,34,55,56|36
8x8|7,3,6,3,5,6,2,5|2,7,4,5,5,4,5,5|7,11,16,56,63|
8x8|2,5,2,5,5,7,2,5|5,2,3,6,2,6,3,6|18,23,28,30,34,55|
8x8|8,4,6,5,3,6,1,3|7,2,5,3,5,6,2,6|11,14,28,56,59,61,63|
8x8|4,3,4,4,4,5,5,0|2,3,3,2,3,6,4,6|16,30,36,55|
8x8|3,2,5,0,5,4,2,4|3,2,4,1,3,2,4,6|0,15,31,34,38,57|61
8x8|5,5,3,3,2,4,4,8|2,3,5,5,4,6,3,6|22,26,35,39,49,55|
8x8|8,4,5,4,3,3,3,2|2,5,1,4,4,3,7,6|13,43,47|
8x8|7,4,3,4,2,4,5,4|8,6,6,3,3,3,2,2|6,11,18,41,59,63|
8x8|2,2,6,3,3,2,5,0|1,3,3,3,2,3,5,3|23,47,50|44
8x8|6,7,3,3,2,3,3,1|2,6,5,3,4,3,5,0|6,16,46|29
8x8|7,1,5,3,5,6,3,5|2,3,4,5,4,5,4,8|1,30,50,57,62|
8x8|3,4,4,4,2,4,7,7|5,5,4,6,3,5,4,3|13,41,47,60|
8x8|2,6,4,5,6,2,5,2|1,3,1,4,5,2,8,8|0,21,27|
8x8|4,4,4,3,2,4,5,7|6,4,3,3,2,3,7,5|5,8,23,24,61|
8x8|8,5,2,3,2,3,4,5|3,4,4,6,2,6,3,4|52,56,63|
8x8|4,6,3,2,5,4,4,3|0,5,4,3,3,6,3,7|22,46,57,60,63|
8x8|7,5,4,2,2,5,1,3|3,7,3,4,3,4,3,2|7,13,24,60,62|27
8x8|1,4,4,2,2,5,6,4|2,3,3,4,6,4,2,4|28,35,58,61|
8x8|1,3,4,3,4,5,2,5|1,5,4,2,2,2,5,6|0,15,25,42,46|35
8x8|2,2,4,1,4,3,7,8|2,5,2,5,3,6,5,3|17,44,47,50|
8x8|2,2,3,5,2,3,3,3|3,4,2,2,3,5,2,2|6,37,59|12
8x8|6,4,3,3,3,2,5,0|0,5,2,3,3,5,5,3|1,23,37,43,50,63|26
8x8|4,3,1,2,4,6,3,4|3,2,2,2,4,4,5,5|4,16,53,60|23
10x10|3,4,2,6,3,3,2,6,6,3|6,6,3,4,4,3,3,3,2,4|0,6,19,23,30,39,59,79,92,99|42
10x10|3,6,4,4,4,2,4,5,8,6|1,4,5,1,5,7,2,6,6,9|5,7,27,59,74,76,78|
10x10|1,4,6,6,1,4,4,5,5,6|6,6,6,4,3,4,3,3,3,4|9,10,12,38,50,71,94|98
10x10|9,3,7,4,4,5,4,3,6,5|1,4,5,3,4,6,6,7,6,8|1,16,29,31,37,51,56,95|
10x10|3,3,4,3,3,3,4,5,7,7|5,5,4,5,4,6,1,3,3,6|10,23,27,65,71,73|87
10x10|5,4,7,8,2,3,5,2,5,5|3,6,6,4,4,6,3,6,4,4|8,11,13,29,44,89|
10x10|9,9,6,8,3,4,6,0,5,1|4,7,2,7,7,3,5,4,5,7|6,22,25|
10x10|4,6,3,3,3,3,4,6,7,7|7,6,6,3,6,6,4,3,2,3|3,9,21,35,83,97,99|
10x10|4,6,2,4,6,5,3,6,8,9|6,5,6,3,7,7,7,6,4,2|8,30,44,49,71,73,75,99|
10x10|3,3,6,6,4,3,4,5,7,7|5,4,9,7,5,1,6,2,7,2|0,17,26,53,71,84|
10x10|2,4,5,4,5,6,7,3,3,6|9,4,7,5,5,3,2,4,5,1|28,33,41,64,80,99|35
10x10|4,4,5,5,5,5,8,6,7,7|10,10,5,3,6,4,2,5,4,7|27,42,66,72,88|
10x10|0,6,2,4,1,7,3,4,10,10|2,6,2,6,6,5,4,6,5,5|14,23,43,74,76,78|45
10x10|8,6,6,4,4,5,3,4,8,8|5,2,5,7,6,8,5,8,2,8|2,9,20,25,74,76,88,90|
10x10|6,6,6,3,6,5,5,7,6,9|10,8,5,5,5,6,7,7,5,1|5,7,26,55,71,73,86,99|
10x10|7,6,3,5,4,4,2,4,2,4|0,5,2,5,4,3,7,3,6,6|2,27,46,90,92,99|33
10x10|5,2,4,2,4,4,8,4,6,5|6,4,5,5,4,2,6,5,6,1|1,9,10,17,47,72,77|42
10x10|1,6,3,6,5,4,2,3,7,9|2,4,5,4,6,4,9,2,6,4|8,20,25,82,90|54
10x10|3,4,3,3,2,6,3,8,6,9|5,5,6,6,3,3,4,4,8,3|1,3,9,22,60,69,71,87,95|
10x10|2,5,3,7,3,6,3,6,3,8|10,10,4,1,5,4,3,2,5,2|9,35,42,62,82,89,93,96|22
10x10|9,5,5,4,5,6,4,3,5,1|9,1,6,6,7,5,3,4,5,1|8,12,32,54,58,80|25
10x10|10,8,5,4,5,6,3,5,4,4|10,7,5,2,7,4,7,4,4,4|12,25,32,46,61,91|
10x10|4,3,7,4,4,4,6,7,2,4|3,3,3,5,3,5,3,8,2,10|22,33,35,46,58,90,92,98|
10x10|6,5,8,3,4,4,4,6,8,8|7,3,7,8,4,5,5,5,5,7|1,7,12,37,72,74,96|
10x10|3,2,6,3,6,7,4,5,4,10|3,4,5,9,5,4,3,7,3,7|8,78,82|64
10x10|5,3,5,5,6,6,2,2,6,7|5,5,6,3,3,2,6,6,4,7|1,12,38,46,50,71,96|87
10x10|10,6,8,4,6,7,2,4,5,1|6,4,6,5,5,4,5,4,7,7|14,17,21,73,77,79,84,90,99|
10x10|3,2,4,4,5,4,9,3,5,1|5,7,2,3,3,6,4,1,5,4|9,21,30,38,46,59,90|44
10x10|2,7,6,4,7,1,5,3,5,5|3,6,8,3,5,6,5,3,4,2|6,9,10,31,36,84,90,95|
10x10|3,3,4,4,8,4,6,5,6,8|9,8,4,3,5,7,6,2,4,3|1,9,10,54,72,97|57
10x10|5,7,2,8,6,3,6,1,5,6|7,7,4,6,2,6,3,6,4,4|4,9,22,29,49,88,94|70
10x10|6,8,4,5,5,6,7,2,4,3|8,7,7,4,7,5,1,4,3,4|22,53,61,90|
10x10|1,4,4,2,4,3,5,4,6,5|3,6,3,6,5,4,3,2,5,1|0,9,16,36,71,73|76
10x10|9,3,9,7,4,4,5,5,4,4|7,2,6,3,6,4,5,5,6,10|6,17,34,46,48,57|
10x10|10,3,9,8,4,3,4,4,6,0|4,5,4,4,5,5,5,5,9,5|17,40,47,59,67|
10x10|6,6,9,7,4,6,4,3,7,5|4,6,3,6,8,3,6,5,7,9|12,17,30,37,80,99|
10x10|6,4,8,4,5,4,2,5,4,1|8,6,5,3,5,4,2,4,3,3|9,12,34,39,60,90,99|
10x10|9,9,5,3,3,7,3,5,5,6|6,7,6,8,8,3,6,5,1,5|8,22,25,63,67,69,82,95,99|
10x10|5,3,3,5,2,3,3,3,5,7|5,5,7,2,5,2,6,1,4,2|0,3,19,39,52,71|74
10x10|5,4,5,4,4,5,5,7,9,6|2,3,5,3,6,4,7,4,10,10|17,40,63,75,77,93|
10x10|2,6,5,5,8,7,3,5,6,5|9,7,5,2,5,0,7,4,5,8|7,9,10,22,37,61,66,69,82|
10x10|9,7,5,5,1,4,3,4,6,7|4,6,6,5,6,6,5,4,5,4|9,21,24,35,37,52,69,82,90,95|
10x10|3,6,2,4,6,5,5,5,7,6|7,6,2,5,6,3,2,5,5,8|29,33,49,63,71,96|57
10x10|10,3,4,7,7,4,6,4,4,4|6,3,4,3,4,6,4,7,6,10|10,25,56,58,87,96|
10x10|6,6,4,2,6,3,6,5,6,10|4,9,4,8,7,4,5,4,5,4|3,9,20,70,72,85,89|
10x10|10,7,6,4,3,6,8,4,3,6|3,4,5,7,7,5,8,4,7,7|12,39,45,74,95|
10x10|3,5,5,7,5,1,5,6,3,3|3,4,3,4,1,5,5,4,5,9|17,25,90,99|58
10x10|4,2,3,5,7,2,7,5,8,9|7,4,7,3,7,5,5,4,6,4|2,4,9,71,73,75,98|
10x10|3,6,3,4,3,8,1,5,7,8|4,6,3,7,4,5,4,8,4,3|9,11,74,76,89,90,92|44
10x10|4,6,3,3,6,6,3,6,8,8|7,7,5,6,4,5,3,4,6,6|0,8,31,74,78,86,91|
12x12|3,3,3,5,6,8,7,5,9,6,11,12|9,7,7,7,5,4,5,4,9,2,10,9|1,28,36,91,109,112,115,117,125|
12x12|12,6,8,7,3,5,9,7,5,7,6,9|7,4,6,6,5,5,8,8,9,6,9,11|16,20,35,41,60,85,90,116,133,138|
12x12|12,6,10,3,8,9,9,7,5,3,5,1|7,9,5,7,2,6,8,7,6,6,6,9|14,17,20,50,68,70,72,77,87,91,106,108,111|
12x12|9,1,6,6,4,3,4,9,2,7,8,11|3,6,4,4,4,7,6,6,6,11,5,8|0,3,5,31,41,88,114,116,118,124,134|79
12x12|4,3,5,3,5,2,7,3,3,5,10,6|4,5,6,6,4,6,6,5,3,4,5,2|1,3,24,29,33,35,60,69,78,82,111,113,133,140|93
12x12|12,4,11,11,4,9,9,4,5,4,8,1|9,8,6,6,4,6,8,9,4,6,8,8|21,53,85,118,126,142|
12x12|9,3,7,10,9,5,6,5,5,6,4,5|3,4,6,4,6,5,10,3,7,5,10,11|12,21,29,31,58,64,87,98,107,116,129,132|113
12x12|10,4,3,6,5,5,6,5,9,6,6,7|12,3,11,5,10,5,6,3,5,5,5,2|10,21,66,77,79,87,109,117,124|
12x12|7,2,6,6,5,7,8,8,4,5,8,5|12,5,10,9,4,6,3,7,4,3,5,3|8,11,34,43,47,52,61,68,78,87,92,102,109,131|
12x12|12,3,11,10,5,4,4,6,4,3,5,4|9,4,7,5,6,6,3,8,4,6,5,8|21,41,83,89|
12x12|11,6,9,9,6,6,1,6,2,4,5,3|7,6,7,8,4,4,6,6,8,2,7,3|9,14,18,49,55,57,84,88,92,134|
12x12|1,6,5,4,3,5,1,6,6,8,9,10|8,6,4,5,4,4,4,7,6,5,6,5|12,18,21,95,98,106,117,134|
12x12|12,3,9,9,5,5,4,3,7,7,4,5|1,9,3,8,3,8,7,4,9,5,6,10|19,22,26,43,53,62,71,117,126,130,137,141|
12x12|10,3,7,3,8,7,4,6,6,4,8,7|1,7,3,5,5,1,7,6,11,3,12,12|0,5,43,64,117|
12x12|2,4,5,2,6,4,6,5,8,4,7,9|2,4,5,5,3,5,6,5,5,4,9,9|15,65,89,117,126|81
12x12|9,10,3,4,10,8,7,5,5,4,9,5|4,4,5,6,6,8,5,10,7,8,6,10|12,34,39,41,59,70,76,78,97,101,116,118|
12x12|2,8,5,5,7,9,4,7,3,7,5,9|4,3,5,4,4,4,4,6,8,5,12,12|0,13,19,24,45,50,67,77,81,84,90,115,117,132,136,138|54
12x12|12,7,5,7,7,6,5,4,5,6,8,6|12,4,10,9,7,7,1,8,1,7,5,7|21,39,41,71,87,95,110,137|
12x12|12,4,7,9,10,6,4,6,5,2,6,4|9,5,8,6,7,4,7,7,5,9,3,5|22,27,29,31,65,68,78,91,95,121|
12x12|10,6,3,4,3,3,4,7,6,5,8,10|8,8,6,3,6,6,6,6,7,4,6,3|9,13,16,20,23,47,60,73,82,98,103,122,125,131,136|
12x12|4,2,6,2,4,3,4,7,3,3,7,8|3,4,6,5,8,3,7,3,5,3,6,0|0,2,30,32,43,60,84,90,94,111,113,133,142|117
12x12|12,9,4,8,9,3,8,2,6,8,9,5|6,5,8,6,8,6,4,8,5,10,5,12|24,28,43,58,97,116,118,120|
12x12|12,8,7,8,2,6,2,4,2,5,4,7|3,7,2,6,6,7,5,6,4,4,9,8|15,21,24,57,68,70,119,126,132,134,139|
12x12|9,8,8,6,4,3,7,4,8,6,8,11|9,5,9,10,3,5,7,3,6,4,10,11|9,25,32,45,54,71,81,109,136|
12x12|10,5,10,7,5,6,5,4,5,5,7,6|2,7,6,7,8,9,2,6,3,6,9,10|6,15,21,47,51,65,70,93,118,132,134|
12x12|1,5,5,3,6,4,7,3,7,5,9,9|7,5,5,3,8,4,8,3,4,4,5,8|0,2,17,21,28,48,58,72,77,94,113,117|98
12x12|12,3,9,7,6,9,9,6,4,4,4,3|10,4,8,4,8,1,8,4,5,6,7,11|21,44,46,49,51,86,88,96,131,132|
12x12|6,2,4,5,3,3,5,8,8,8,7,12|9,3,5,7,6,6,7,5,5,7,7,4|1,6,9,11,12,30,48,86,112,116,119,125|
12x12|10,3,5,11,10,5,3,5,4,3,5,1|6,1,7,4,6,4,7,7,6,4,5,8|2,12,30,32,34,48,78,107,120|70
12x12|3,6,5,1,5,1,6,5,6,4,6,4|2,6,2,6,2,8,7,5,3,3,7,1|0,9,24,30,33,77,136,143|98,127
12x12|5,9,9,3,8,7,4,7,8,4,9,4|12,2,11,8,5,4,8,1,7,4,6,9|21,40,75,109,111,135|
12x12|12,3,8,8,7,6,9,3,4,7,6,1|6,4,9,4,9,5,7,4,7,6,6,7|21,27,46,53,55,59,72,85,95,99,101,123|
12x12|2,6,5,7,6,6,9,4,8,7,12,12|12,10,5,5,7,3,8,3,8,3,10,10|2,13,15,23,67,82,86,110,113,115,117|
12x12|10,3,8,9,10,5,9,4,3,5,9,4|6,6,4,7,4,7,9,5,9,5,8,9|0,29,33,39,65,67,70,133|
12x12|5,3,3,3,7,7,10,2,6,7,8,9|8,7,5,6,4,7,3,6,7,4,4,9|0,5,7,10,35,69,77,107,110,112,130|
12x12|2,5,4,4,3,5,8,5,7,8,7,11|4,3,7,6,4,4,9,2,10,4,10,6|25,32,71,84,101,115,117,122,125,132|
12x12|3,4,2,7,5,6,3,8,6,6,10,8|6,6,7,1,6,2,9,4,5,4,9,9|29,46,63,72,85,90,110,117,134|81
12x12|9,8,4,4,6,6,5,8,5,6,9,9|12,4,11,5,9,8,3,7,5,7,3,5|6,10,16,21,25,46,65,80,109,111,113,131|
12x12|11,8,4,6,8,5,5,3,4,6,7,6|12,9,9,6,8,2,8,2,8,2,6,1|4,26,31,56,62,69,109,111,137|35
12x12|9,2,4,2,4,6,1,7,5,5,8,10|5,6,6,5,9,3,10,3,5,2,8,1|0,2,9,17,52,109,111,113,142|129
12x12|2,5,3,4,7,4,6,5,8,7,7,3|9,8,5,5,5,6,1,5,4,5,3,5|2,40,45,49,68,71,101,116,122,129|75
12x12|12,4,9,8,7,5,4,6,5,4,6,4|7,5,8,9,7,4,6,6,6,6,7,3|20,28,35,38,54,64,71,73,93,100,114,135|
12x12|2,5,3,7,3,7,3,7,6,6,9,12|5,4,2,5,7,4,8,3,9,2,11,10|9,11,17,28,60,84,113,115,117|97
12x12|11,5,7,8,5,2,4,5,3,5,4,3|7,2,7,4,7,7,5,7,3,5,4,4|11,16,20,31,42,51,59,76,108,117,132|
12x12|12,3,9,8,8,7,4,6,2,6,5,4|6,4,8,6,4,5,8,3,8,3,10,9|40,43,45,53,59,63,86,106,108,132,135|
12x12|5,2,6,2,4,3,9,5,8,4,12,12|7,9,5,5,4,9,5,7,9,4,6,2|1,11,18,31,60,86,88,90,110,114|95
12x12|2,3,4,4,5,3,7,1,5,3,5,6|3,5,3,6,4,4,5,0,8,4,3,3|9,11,16,39,54,60,65,69,71,73,80,100,120,135,143|13,114
12x12|5,5,2,5,7,2,4,3,4,5,3,4|2,6,4,5,5,0,7,4,4,3,5,4|7,9,28,35,51,54,59,60,102,104,115,121,131,132,139|36,111
12x12|3,4,5,4,5,7,4,8,6,9,6,11|7,6,5,6,7,4,4,7,4,7,8,7|6,22,29,35,40,44,46,60,109,124,140|
12x12|12,3,8,10,11,6,9,4,3,5,3,4|8,7,8,5,3,6,5,6,7,5,8,10|25,31,33,41,62,69,84,101,107,131,142|
6x6|3,1,1,2,3,3|3,2,2,2,2,2|29,31|8
6x6|1,2,2,5,4,6|3,4,1,4,3,5|5,16,27|
6x6|5,5,4,2,1,2|4,4,2,2,4,3|2,19,30|
6x6|5,2,2,1,5,5|3,4,3,3,5,2|2,35|
6x6|5,2,4,3,3,2|1,4,4,4,4,2|5,8|
6x6|2,3,5,4,3,3|3,3,3,2,3,6|0,7,24|
6x6|6,4,4,4,1,2|4,5,4,2,3,3|8,30|
6x6|6,2,3,1,4,3|5,4,4,2,3,1|18|
6x6|0,4,2,1,1,4|2,2,2,3,2,1|0,9,35|13
6x6|0,3,2,3,4,6|5,3,2,3,3,2|0,11,26,29|
6x6|0,5,2,1,2,2|2,2,1,4,3,0|0,22|24
6x6|2,1,2,4,1,3|5,2,2,1,3,0|5,22,24|3
6x6|4,1,2,2,4,3|1,2,1,3,5,4|0,2,11|
6x6|6,5,4,2,3,1|1,4,4,3,3,6|6,15,19,26|
6x6|3,2,3,4,2,3|1,3,1,2,4,6|10,28|
6x6|5,3,3,2,3,3|6,3,4,1,2,3|4,11,23,35|
6x6|6,5,1,4,3,2|5,4,3,4,2,3|10,12,25|
6x6|3,1,4,3,4,5|1,3,2,4,5,5|11,12,21,30|
6x6|2,2,3,4,4,4|3,3,1,4,5,3|14,17,33|
6x6|6,5,3,4,2,1|5,4,4,2,3,3|10,14,23,30|
6x6|3,2,4,5,4,0|4,4,3,3,4,0|7,14,24|
6x6|2,2,5,2,5,6|5,4,4,3,3,3|0,5,20,29|
6x6|3,4,3,4,2,3|2,3,2,3,5,4|15,29|
6x6|2,0,2,3,5,1|3,2,2,3,1,2|5,21,23,31,35|0
6x6|0,3,2,5,4,3|1,2,4,2,5,3|13,15,17,33|
6x6|3,3,3,3,3,5|1,2,2,3,6,6|13,31|
6x6|2,2,2,3,4,4|2,3,1,2,5,4|17,27,31|
6x6|5,3,3,2,3,0|1,4,2,2,4,3|2|
6x6|2,2,2,3,2,1|5,1,1,1,4,0|5,22,30|7
6x6|2,2,1,4,5,5|2,4,3,2,4,4|5,18,33|
6x6|1,2,3,4,5,3|0,3,3,3,4,5|5,13,21,32|
6x6|4,1,2,0,5,1|3,2,2,3,0,3|3,11,23,31,35|14
6x6|6,5,2,2,2,2|3,3,3,3,3,4|6,35|
6x6|1,3,1,2,2,3|1,2,4,1,2,2|0,5,32|16
6x6|2,4,3,4,1,4|4,1,4,1,3,5|4,12,24,35|
6x6|3,2,2,1,3,6|2,4,3,3,2,3|0,3|
6x6|4,2,3,5,2,3|6,4,3,3,2,1|4,7,25|
6x6|3,2,2,3,2,5|1,2,3,3,3,5|17,28,30|
6x6|2,4,3,1,4,2|4,2,2,1,4,3|11,18,23,30|
6x6|3,2,1,2,4,1|3,1,4,1,2,2|35|15
6x6|5,4,4,3,2,2|5,4,2,5,3,1|5,8,30,35|
6x6|4,2,1,2,3,1|3,0,5,2,2,1|0,12,24|22
6x6|5,4,3,2,2,2|3,5,3,3,3,1|5,12,23|
6x6|1,2,4,3,4,5|5,2,5,2,3,2|0,19,33|
6x6|5,5,2,4,2,1|2,2,3,3,4,5|1,35|
6x6|4,3,1,4,4,6|4,3,5,5,3,2|0,5,19,29|
6x6|2,4,1,4,1,6|6,4,1,3,2,2|5,13,25|
6x6|4,1,5,3,2,4|3,3,2,3,3,5|0,2,10,24,35|
6x6|1,3,3,2,3,5|4,2,3,3,3,2|0,3,8,12,33|
6x6|3,1,2,3,4,5|3,3,5,2,2,3|0,4,15,18,33|
14x14|1,7,5,4,5,11,9,7,5,5,6,5,11,10|9,5,10,7,5,7,3,8,5,6,8,7,7,4|0,17,24,55,56,58,84,88,91,104,155,167,171,180,186|47
14x14|3,5,5,4,5,4,4,9,8,3,5,5,8,8|3,6,3,8,6,7,5,8,5,4,5,5,6,5|0,13,41,85,102,142,167,171,183|89,144,152
14x14|8,10,3,9,6,6,8,7,7,9,7,8,5,7|14,12,6,11,7,7,3,7,5,7,7,6,4,4|7,30,73,75,127,134,161,170,188,195|32
14x14|3,6,4,6,4,6,3,5,7,4,5,5,9,9|2,6,4,6,7,5,8,7,4,7,7,5,5,3|0,2,10,27,40,42,55,80,85,100,117,124,132,157,173,179,195|36,164
14x14|1,8,2,4,6,6,5,4,8,5,7,8,8,7|7,9,4,9,6,6,2,8,0,7,5,4,6,6|0,9,46,93,121,125,126,128,130,133,184,193|29,150
14x14|3,5,6,5,6,7,5,3,6,5,4,6,6,4|2,6,2,8,3,5,5,4,8,2,6,3,7,10|0,2,10,13,42,65,74,91,147,152,165,178,182,184,194|63,160
14x14|3,7,5,7,6,6,6,8,1,6,8,4,6,3|4,6,6,5,6,5,6,7,3,10,4,5,6,3|8,13,14,20,41,43,56,72,77,85,89,122,128,163,187,194|118,157
14x14|11,4,10,7,7,6,6,5,7,8,5,5,9,3|13,10,5,7,5,8,1,7,7,7,4,5,8,6|11,14,21,24,47,49,59,64,85,105,111,155,166,185|
14x14|9,5,5,7,9,11,8,8,6,2,5,5,7,5|2,6,2,8,4,9,7,4,11,3,9,6,11,10|31,42,53,74,91,100,110,116,125,178,182|19
14x14|10,8,9,8,6,8,7,8,7,7,4,8,9,2|13,4,7,9,11,9,4,8,7,6,4,7,4,8|13,16,22,26,44,56,79,83,92,125,132,156,160|35
14x14|6,3,5,7,6,3,5,6,4,4,7,3,5,2|0,7,1,7,8,5,3,6,6,4,3,7,7,2|0,2,5,11,13,18,34,43,46,50,55,87,95,108,115,130,139,180,195|63,190
14x14|3,7,4,5,7,4,7,4,6,5,4,7,7,9|4,4,5,7,3,6,5,5,6,10,2,10,1,11|0,7,13,22,28,32,41,45,69,70,101,103,107,116,159,164,170,176,180,183|133
14x14|13,10,5,2,7,4,5,6,7,6,5,4,7,4|2,8,7,8,5,6,4,7,9,6,7,8,5,3|13,15,19,30,36,38,56,61,63,76,78,93,101,106,116,129,151,153,183,195|147
14x14|5,4,5,6,5,6,6,6,8,9,5,10,9,11|13,2,11,7,9,1,10,6,7,5,6,5,6,7|0,3,38,41,53,58,90,101,106,117,124,139,144,155,161,177,186,193|
14x14|6,6,8,3,6,6,8,8,5,7,8,8,11,13|5,7,9,7,8,4,6,5,9,4,10,2,13,14|0,6,9,11,16,32,68,89,92,112,128,147,154,157,163,165,175,188|
14x14|2,6,4,4,4,5,9,5,6,7,4,4,5,4|1,8,5,5,3,8,6,7,2,6,6,4,7,1|6,13,16,29,76,80,82,131,139,146,152,154,182,188,195|58,120
14x14|5,6,7,5,7,3,4,6,11,7,5,6,6,9|7,5,5,4,4,8,5,8,6,7,4,8,7,9|5,8,13,18,41,42,50,59,69,75,108,110,115,123,134,154,169,184,186,188|85
14x14|2,7,6,4,6,5,4,7,2,8,5,5,6,8|6,8,4,4,4,7,4,5,4,4,7,6,8,4|11,14,20,23,38,43,64,71,84,127,131,134,147,151,158,166|88,176
14x14|1,12,3,8,5,2,7,4,7,2,6,6,11,14|7,5,9,7,7,6,7,5,2,6,8,6,7,6|0,3,13,28,32,41,51,124,155,157,159,165,167|68,163
14x14|11,9,7,5,8,7,5,6,5,5,6,9,7,12|8,9,5,7,11,4,7,5,8,8,2,8,9,11|5,25,28,33,43,51,53,107,122,137,143,163,174,180,191|145
14x14|7,8,5,6,4,6,7,5,6,8,7,6,6,4|13,7,6,8,4,5,2,7,8,4,7,5,7,2|9,11,13,30,54,72,74,85,87,93,100,125,127,147,149,165,182,187|32,91
14x14|11,10,5,9,6,8,2,10,6,5,6,5,9,5|1,7,6,8,5,8,8,4,6,7,9,12,11,5|2,25,55,68,74,76,94,100,113,120,148,166,182|129
14x14|10,6,8,8,5,10,5,10,3,6,6,8,7,10|14,10,10,4,12,10,7,1,9,7,4,6,5,3|12,16,24,44,65,83,86,104,155,157,162,173,177,195|8
14x14|4,8,4,7,4,6,8,7,5,7,7,8,14,14|12,4,13,5,11,4,9,5,8,5,8,4,7,8|20,28,33,48,56,69,73,103,155,157,159,161,163,165|
14x14|14,7,10,10,4,6,7,9,4,7,7,7,7,3|11,5,8,7,7,5,8,6,11,6,7,4,5,12|21,56,62,71,83,87,155,168,171,192|53
14x14|2,8,5,9,6,7,2,6,4,4,9,1,6,1|10,6,4,4,5,5,3,7,4,5,6,4,5,2|36,60,63,107,109,112,122,153,166,191|18,72
14x14|5,8,4,6,8,5,8,10,3,7,4,5,8,0|7,5,11,8,4,3,7,4,8,4,7,2,8,3|7,9,11,31,36,42,65,71,88,93,97,99,104,125,136,141,151|143
14x14|6,7,6,9,5,8,6,4,3,8,3,7,9,12|7,6,8,7,6,7,8,6,6,7,8,5,4,8|5,13,51,61,69,76,79,108,111,131,133,155,157,159,193|177
14x14|8,4,4,6,8,5,9,3,6,4,7,6,3,5|5,4,8,5,4,7,7,1,9,3,6,6,6,7|1,3,7,9,30,47,70,76,80,82,86,121,123,126,134,138,142,157,160,182,185,194|40,129,177
14x14|4,5,10,4,8,4,10,4,8,7,7,7,5,8|12,2,9,2,11,9,5,8,8,5,7,1,7,5|9,49,59,62,75,86,97,121,124,130,154,162,177,181,187,194|
14x14|5,9,5,5,5,7,6,6,5,6,6,7,11,11|11,6,9,8,5,9,7,5,7,6,6,7,4,4|4,23,27,29,50,55,57,72,83,93,103,116,118,138,155,157,159,178|147
14x14|9,3,9,6,7,6,6,6,1,7,5,5,6,3|6,11,3,6,4,5,6,4,7,3,8,5,5,6|5,7,16,33,55,84,101,111,132,145,173,179,188,192|26,46,149
14x14|1,8,3,7,8,3,5,7,10,3,7,4,9,12|4,7,6,10,5,6,2,9,2,9,4,8,6,9|0,3,16,31,69,86,126,164,166,170,187,190|60,82
14x14|9,6,6,11,4,6,8,4,8,2,8,5,8,8|14,3,12,4,11,3,7,6,4,6,3,7,8,5|25,35,54,81,87,96,102,109,115,155,157,173,188,194|
14x14|2,6,1,7,3,7,3,7,4,6,7,5,8,8|8,8,5,5,4,7,1,7,2,6,5,5,7,4|13,49,70,74,89,105,153,156,177,179,184|78,85
14x14|1,8,10,11,8,4,3,8,5,3,6,6,4,4|2,7,5,6,5,7,6,6,6,6,6,6,7,6|22,24,26,32,34,45,56,69,75,77,88,103,122,149,159,167,182,190,192,195|67,114
14x14|7,6,4,10,1,6,3,6,3,6,5,4,6,7|3,7,6,4,6,6,8,4,3,6,5,7,4,5|0,3,13,18,48,54,69,76,113,154,167,189,195|7,187
14x14|11,4,8,10,9,6,5,6,4,4,4,6,7,3|6,6,7,10,4,10,3,9,6,8,2,5,4,7|22,34,46,56,65,68,87,102,110,178,182,185,195|40,104
14x14|0,8,6,5,6,3,7,4,5,6,5,6,8,3|3,6,4,6,5,6,5,5,7,8,4,6,5,2|14,24,36,51,58,81,87,121,137,140,150,171,173,177,182,188|74,133
14x14|1,8,6,6,5,7,1,9,4,5,4,5,5,4|3,6,5,5,3,6,3,7,2,9,7,4,3,7|13,28,45,76,83,95,103,139,159,174,194|68,72,146
14x14|14,1,8,6,11,8,5,8,8,5,5,7,5,4|6,3,9,5,9,5,7,7,6,6,7,9,6,10|26,31,49,61,76,78,82,95,98,102,105,114,118,125,142,150,160,175,181,182,188,190|
14x14|12,3,9,6,9,11,9,4,6,7,3,8,8,11|7,6,10,7,8,6,8,8,6,10,7,4,6,13|12,14,18,51,53,64,75,90,126,132,147,155,157,160,167,189,192,194|110
14x14|6,10,5,4,6,4,5,5,6,8,7,7,13,13|2,7,8,8,4,12,2,10,5,10,8,8,7,8|0,4,19,39,41,58,80,93,95,105,113,121,155,158,160,162,164,166,182|
14x14|2,5,3,6,5,4,3,5,4,6,7,2,7,2|3,6,3,7,4,4,4,5,5,3,7,3,4,3|0,8,55,112,122,129,133,154,156,182,185,195|110,145
14x14|6,6,10,6,7,9,7,6,11,6,7,7,10,6|14,5,12,7,9,4,10,7,7,7,6,5,6,5|10,13,16,21,49,59,82,97,101,105,145,148,155,158,165,174,187,192|
14x14|0,8,1,6,3,7,4,6,5,3,7,4,8,8|3,4,5,6,6,5,8,5,3,5,6,4,7,3|20,49,72,76,137,154,163,170,174,182|61,158
14x14|10,7,5,11,8,10,7,11,4,7,5,5,4,6|12,8,5,2,7,3,10,3,10,7,7,7,7,12|37,54,58,77,80,95,126,153,165,181,190|141
14x14|3,7,8,5,4,6,9,1,7,7,4,7,4,7|2,6,5,7,6,6,5,8,3,7,5,7,6,6|3,11,13,19,26,39,42,80,86,108,114,118,158,180,182,187|60,146
14x14|14,3,12,9,7,8,5,5,5,8,9,6,11,10|11,9,4,7,10,4,7,6,7,7,9,7,12,12|48,53,59,61,64,94,96,99,125,132,165,170,185,189|
14x14|3,4,4,5,2,7,7,2,5,7,3,8,6,10|5,9,1,7,5,8,3,7,4,5,8,3,6,2|6,8,13,70,75,90,94,126,136,141,158,171,174,184|78,166
